z1 = 3 + 4i
z2 = -1.2 - 2j
z3 = complex(8, -8)
